(kicad_pcb (version 20171130) (host pcbnew 5.1.5)

  (general
    (thickness 1.6)
    (drawings 24)
    (tracks 276)
    (zones 0)
    (modules 33)
    (nets 30)
  )

  (page A4)
  (layers
    (0 Top signal)
    (31 Bottom signal)
    (32 B.Adhes user)
    (33 F.Adhes user)
    (34 B.Paste user)
    (35 F.Paste user)
    (36 B.SilkS user)
    (37 F.SilkS user)
    (38 B.Mask user)
    (39 F.Mask user)
    (40 Dwgs.User user)
    (41 Cmts.User user)
    (42 Eco1.User user)
    (43 Eco2.User user)
    (44 Edge.Cuts user)
    (45 Margin user)
    (46 B.CrtYd user)
    (47 F.CrtYd user)
    (48 B.Fab user)
    (49 F.Fab user)
  )

  (setup
    (last_trace_width 0.25)
    (user_trace_width 1.2)
    (user_trace_width 2)
    (user_trace_width 2.54)
    (user_trace_width 3)
    (user_trace_width 4)
    (trace_clearance 0.1524)
    (zone_clearance 0.000001)
    (zone_45_only yes)
    (trace_min 0.2)
    (via_size 0.8)
    (via_drill 0.4)
    (via_min_size 0.4)
    (via_min_drill 0.3)
    (uvia_size 0.3)
    (uvia_drill 0.1)
    (uvias_allowed no)
    (uvia_min_size 0.2)
    (uvia_min_drill 0.1)
    (edge_width 0.05)
    (segment_width 0.2)
    (pcb_text_width 0.3)
    (pcb_text_size 1.5 1.5)
    (mod_edge_width 0.12)
    (mod_text_size 1 1)
    (mod_text_width 0.15)
    (pad_size 1.1 1.1)
    (pad_drill 0)
    (pad_to_mask_clearance 0.051)
    (solder_mask_min_width 0.25)
    (aux_axis_origin 0 0)
    (visible_elements FFFFFF7F)
    (pcbplotparams
      (layerselection 0x010fc_ffffffff)
      (usegerberextensions false)
      (usegerberattributes false)
      (usegerberadvancedattributes false)
      (creategerberjobfile false)
      (excludeedgelayer true)
      (linewidth 0.100000)
      (plotframeref false)
      (viasonmask false)
      (mode 1)
      (useauxorigin false)
      (hpglpennumber 1)
      (hpglpenspeed 20)
      (hpglpendiameter 15.000000)
      (psnegative false)
      (psa4output false)
      (plotreference true)
      (plotvalue true)
      (plotinvisibletext false)
      (padsonsilk false)
      (subtractmaskfromsilk false)
      (outputformat 1)
      (mirror false)
      (drillshape 1)
      (scaleselection 1)
      (outputdirectory ""))
  )

  (net 0 "")
  (net 1 GND)
  (net 2 VCC)
  (net 3 40_RSTI)
  (net 4 N$1)
  (net 5 N$2)
  (net 6 N$3)
  (net 7 40_BCLK)
  (net 8 40_IPL2)
  (net 9 40_IPL1)
  (net 10 40_IPL0)
  (net 11 60_IPL2)
  (net 12 60_CLKEN)
  (net 13 60_IPL1)
  (net 14 60_IPL0)
  (net 15 +3V3)
  (net 16 TRA)
  (net 17 SNOOP)
  (net 18 BTT)
  (net 19 IPL2)
  (net 20 IPL1)
  (net 21 IPL0)
  (net 22 CLKEN)
  (net 23 CLA)
  (net 24 40_PCLK)
  (net 25 THERM0)
  (net 26 THERM1)
  (net 27 VCC2)
  (net 28 ND1)
  (net 29 ND2)

  (net_class Default "This is the default net class."
    (clearance 0.1524)
    (trace_width 0.25)
    (via_dia 0.8)
    (via_drill 0.4)
    (uvia_dia 0.3)
    (uvia_drill 0.1)
    (add_net +3V3)
    (add_net 40_BCLK)
    (add_net 40_IPL0)
    (add_net 40_IPL1)
    (add_net 40_IPL2)
    (add_net 40_PCLK)
    (add_net 40_RSTI)
    (add_net 60_CLKEN)
    (add_net 60_IPL0)
    (add_net 60_IPL1)
    (add_net 60_IPL2)
    (add_net BTT)
    (add_net CLA)
    (add_net CLKEN)
    (add_net GND)
    (add_net IPL0)
    (add_net IPL1)
    (add_net IPL2)
    (add_net N$1)
    (add_net N$2)
    (add_net N$3)
    (add_net ND1)
    (add_net ND2)
    (add_net SNOOP)
    (add_net THERM0)
    (add_net THERM1)
    (add_net TRA)
    (add_net VCC)
    (add_net VCC2)
  )

  (module Diode_SMD:D_SOD-123F (layer Top) (tedit 5E04C064) (tstamp 5E052DC7)
    (at 166.4 98.05 270)
    (descr D_SOD-123F)
    (tags D_SOD-123F)
    (attr smd)
    (fp_text reference D3 (at -1.325 -1.775 90) (layer F.SilkS)
      (effects (font (size 1 1) (thickness 0.15)))
    )
    (fp_text value 1N4001 (at 0 2.1 90) (layer F.Fab) hide
      (effects (font (size 1 1) (thickness 0.15)))
    )
    (fp_line (start -2.2 -1) (end 1.65 -1) (layer F.SilkS) (width 0.12))
    (fp_line (start -2.2 1) (end 1.65 1) (layer F.SilkS) (width 0.12))
    (fp_line (start -2.2 -1.15) (end -2.2 1.15) (layer F.CrtYd) (width 0.05))
    (fp_line (start 2.2 1.15) (end -2.2 1.15) (layer F.CrtYd) (width 0.05))
    (fp_line (start 2.2 -1.15) (end 2.2 1.15) (layer F.CrtYd) (width 0.05))
    (fp_line (start -2.2 -1.15) (end 2.2 -1.15) (layer F.CrtYd) (width 0.05))
    (fp_line (start -1.4 -0.9) (end 1.4 -0.9) (layer F.Fab) (width 0.1))
    (fp_line (start 1.4 -0.9) (end 1.4 0.9) (layer F.Fab) (width 0.1))
    (fp_line (start 1.4 0.9) (end -1.4 0.9) (layer F.Fab) (width 0.1))
    (fp_line (start -1.4 0.9) (end -1.4 -0.9) (layer F.Fab) (width 0.1))
    (fp_line (start -0.75 0) (end -0.35 0) (layer F.Fab) (width 0.1))
    (fp_line (start -0.35 0) (end -0.35 -0.55) (layer F.Fab) (width 0.1))
    (fp_line (start -0.35 0) (end -0.35 0.55) (layer F.Fab) (width 0.1))
    (fp_line (start -0.35 0) (end 0.25 -0.4) (layer F.Fab) (width 0.1))
    (fp_line (start 0.25 -0.4) (end 0.25 0.4) (layer F.Fab) (width 0.1))
    (fp_line (start 0.25 0.4) (end -0.35 0) (layer F.Fab) (width 0.1))
    (fp_line (start 0.25 0) (end 0.75 0) (layer F.Fab) (width 0.1))
    (fp_line (start -2.2 -1) (end -2.2 1) (layer F.SilkS) (width 0.12))
    (fp_text user %R (at -0.127 -1.905 90) (layer F.Fab) hide
      (effects (font (size 1 1) (thickness 0.15)))
    )
    (pad 2 smd rect (at 1.4 0 270) (size 1.1 1.1) (layers Top F.Paste F.Mask)
      (net 29 ND2))
    (pad 1 smd rect (at -1.4 0 270) (size 1.1 1.1) (layers Top F.Paste F.Mask)
      (net 15 +3V3))
    (model ${KISYS3DMOD}/Diode_SMD.3dshapes/D_SOD-123F.wrl
      (at (xyz 0 0 0))
      (scale (xyz 1 1 1))
      (rotate (xyz 0 0 0))
    )
  )

  (module Diode_SMD:D_SOD-123F (layer Top) (tedit 5E04C056) (tstamp 5E052D96)
    (at 166.4 102.55 270)
    (descr D_SOD-123F)
    (tags D_SOD-123F)
    (attr smd)
    (fp_text reference D2 (at -1.325 -1.775 90) (layer F.SilkS)
      (effects (font (size 1 1) (thickness 0.15)))
    )
    (fp_text value 1N4001 (at 0 2.1 90) (layer F.Fab) hide
      (effects (font (size 1 1) (thickness 0.15)))
    )
    (fp_text user %R (at -0.127 -1.905 90) (layer F.Fab) hide
      (effects (font (size 1 1) (thickness 0.15)))
    )
    (fp_line (start -2.2 -1) (end -2.2 1) (layer F.SilkS) (width 0.12))
    (fp_line (start 0.25 0) (end 0.75 0) (layer F.Fab) (width 0.1))
    (fp_line (start 0.25 0.4) (end -0.35 0) (layer F.Fab) (width 0.1))
    (fp_line (start 0.25 -0.4) (end 0.25 0.4) (layer F.Fab) (width 0.1))
    (fp_line (start -0.35 0) (end 0.25 -0.4) (layer F.Fab) (width 0.1))
    (fp_line (start -0.35 0) (end -0.35 0.55) (layer F.Fab) (width 0.1))
    (fp_line (start -0.35 0) (end -0.35 -0.55) (layer F.Fab) (width 0.1))
    (fp_line (start -0.75 0) (end -0.35 0) (layer F.Fab) (width 0.1))
    (fp_line (start -1.4 0.9) (end -1.4 -0.9) (layer F.Fab) (width 0.1))
    (fp_line (start 1.4 0.9) (end -1.4 0.9) (layer F.Fab) (width 0.1))
    (fp_line (start 1.4 -0.9) (end 1.4 0.9) (layer F.Fab) (width 0.1))
    (fp_line (start -1.4 -0.9) (end 1.4 -0.9) (layer F.Fab) (width 0.1))
    (fp_line (start -2.2 -1.15) (end 2.2 -1.15) (layer F.CrtYd) (width 0.05))
    (fp_line (start 2.2 -1.15) (end 2.2 1.15) (layer F.CrtYd) (width 0.05))
    (fp_line (start 2.2 1.15) (end -2.2 1.15) (layer F.CrtYd) (width 0.05))
    (fp_line (start -2.2 -1.15) (end -2.2 1.15) (layer F.CrtYd) (width 0.05))
    (fp_line (start -2.2 1) (end 1.65 1) (layer F.SilkS) (width 0.12))
    (fp_line (start -2.2 -1) (end 1.65 -1) (layer F.SilkS) (width 0.12))
    (pad 1 smd rect (at -1.4 0 270) (size 1.1 1.1) (layers Top F.Paste F.Mask)
      (net 29 ND2))
    (pad 2 smd rect (at 1.4 0 270) (size 1.1 1.1) (layers Top F.Paste F.Mask)
      (net 28 ND1))
    (model ${KISYS3DMOD}/Diode_SMD.3dshapes/D_SOD-123F.wrl
      (at (xyz 0 0 0))
      (scale (xyz 1 1 1))
      (rotate (xyz 0 0 0))
    )
  )

  (module Diode_SMD:D_SOD-123F (layer Top) (tedit 5E04C048) (tstamp 5E052ABA)
    (at 165.2 107.075 270)
    (descr D_SOD-123F)
    (tags D_SOD-123F)
    (attr smd)
    (fp_text reference D1 (at -1.375 -1.775 90) (layer F.SilkS)
      (effects (font (size 1 1) (thickness 0.15)))
    )
    (fp_text value 1N4001 (at 0 2.1 90) (layer F.Fab) hide
      (effects (font (size 1 1) (thickness 0.15)))
    )
    (fp_line (start -2.2 -1) (end 1.65 -1) (layer F.SilkS) (width 0.12))
    (fp_line (start -2.2 1) (end 1.65 1) (layer F.SilkS) (width 0.12))
    (fp_line (start -2.2 -1.15) (end -2.2 1.15) (layer F.CrtYd) (width 0.05))
    (fp_line (start 2.2 1.15) (end -2.2 1.15) (layer F.CrtYd) (width 0.05))
    (fp_line (start 2.2 -1.15) (end 2.2 1.15) (layer F.CrtYd) (width 0.05))
    (fp_line (start -2.2 -1.15) (end 2.2 -1.15) (layer F.CrtYd) (width 0.05))
    (fp_line (start -1.4 -0.9) (end 1.4 -0.9) (layer F.Fab) (width 0.1))
    (fp_line (start 1.4 -0.9) (end 1.4 0.9) (layer F.Fab) (width 0.1))
    (fp_line (start 1.4 0.9) (end -1.4 0.9) (layer F.Fab) (width 0.1))
    (fp_line (start -1.4 0.9) (end -1.4 -0.9) (layer F.Fab) (width 0.1))
    (fp_line (start -0.75 0) (end -0.35 0) (layer F.Fab) (width 0.1))
    (fp_line (start -0.35 0) (end -0.35 -0.55) (layer F.Fab) (width 0.1))
    (fp_line (start -0.35 0) (end -0.35 0.55) (layer F.Fab) (width 0.1))
    (fp_line (start -0.35 0) (end 0.25 -0.4) (layer F.Fab) (width 0.1))
    (fp_line (start 0.25 -0.4) (end 0.25 0.4) (layer F.Fab) (width 0.1))
    (fp_line (start 0.25 0.4) (end -0.35 0) (layer F.Fab) (width 0.1))
    (fp_line (start 0.25 0) (end 0.75 0) (layer F.Fab) (width 0.1))
    (fp_line (start -2.2 -1) (end -2.2 1) (layer F.SilkS) (width 0.12))
    (fp_text user %R (at -0.127 -1.905 90) (layer F.Fab) hide
      (effects (font (size 1 1) (thickness 0.15)))
    )
    (pad 2 smd rect (at 1.4 0 270) (size 1.1 1.1) (layers Top F.Paste F.Mask)
      (net 27 VCC2))
    (pad 1 smd rect (at -1.4 0 270) (size 1.1 1.1) (layers Top F.Paste F.Mask)
      (net 28 ND1))
    (model ${KISYS3DMOD}/Diode_SMD.3dshapes/D_SOD-123F.wrl
      (at (xyz 0 0 0))
      (scale (xyz 1 1 1))
      (rotate (xyz 0 0 0))
    )
  )

  (module combined3:6-PIN-1.4HOLES (layer Top) (tedit 5DAE57A6) (tstamp 5DAE4BBA)
    (at 160.328 109.296 270)
    (fp_text reference U6$1 (at 0 0 90) (layer F.SilkS) hide
      (effects (font (size 1.27 1.27) (thickness 0.15)) (justify left top))
    )
    (fp_text value 6POL (at 0 0 90) (layer F.SilkS) hide
      (effects (font (size 1.27 1.27) (thickness 0.15)) (justify left top))
    )
    (pad P6$6 thru_hole circle (at 1.27 0 270) (size 1.8064 1.8064) (drill 1.4) (layers *.Cu *.Mask)
      (net 27 VCC2) (solder_mask_margin 0.0762))
    (pad P6$5 thru_hole circle (at -1.27 0 270) (size 1.8064 1.8064) (drill 1.4) (layers *.Cu *.Mask)
      (net 27 VCC2) (solder_mask_margin 0.0762))
    (pad P6$4 thru_hole circle (at -3.81 0 270) (size 1.8064 1.8064) (drill 1.4) (layers *.Cu *.Mask)
      (net 27 VCC2) (solder_mask_margin 0.0762))
    (pad P6$3 thru_hole circle (at -6.35 0 270) (size 1.8064 1.8064) (drill 1.4) (layers *.Cu *.Mask)
      (net 27 VCC2) (solder_mask_margin 0.0762))
    (pad P6$2 thru_hole circle (at -8.89 0 270) (size 1.8064 1.8064) (drill 1.4) (layers *.Cu *.Mask)
      (net 27 VCC2) (solder_mask_margin 0.0762))
    (pad P6$1 thru_hole circle (at -11.43 0 270) (size 1.8064 1.8064) (drill 1.4) (layers *.Cu *.Mask)
      (net 27 VCC2) (solder_mask_margin 0.0762))
  )

  (module Package_TO_SOT_THT:TO-220-3_Horizontal_TabDown (layer Top) (tedit 5DAE5BB7) (tstamp 5DAED1F1)
    (at 167.37 113.96 180)
    (descr "TO-220-3, Horizontal, RM 2.54mm, see https://www.vishay.com/docs/66542/to-220-1.pdf")
    (tags "TO-220-3 Horizontal RM 2.54mm")
    (fp_text reference IC4 (at -1.38 -2.58) (layer F.SilkS)
      (effects (font (size 1 1) (thickness 0.15)))
    )
    (fp_text value LMS1585-3.3 (at 2.54 2) (layer F.Fab)
      (effects (font (size 1 1) (thickness 0.15)))
    )
    (fp_text user %R (at 2.54 -20.58) (layer F.Fab)
      (effects (font (size 1 1) (thickness 0.15)))
    )
    (fp_line (start 7.79 -19.71) (end -2.71 -19.71) (layer F.CrtYd) (width 0.05))
    (fp_line (start 7.79 1.25) (end 7.79 -19.71) (layer F.CrtYd) (width 0.05))
    (fp_line (start -2.71 1.25) (end 7.79 1.25) (layer F.CrtYd) (width 0.05))
    (fp_line (start -2.71 -19.71) (end -2.71 1.25) (layer F.CrtYd) (width 0.05))
    (fp_line (start 5.08 -3.69) (end 5.08 -1.15) (layer F.SilkS) (width 0.12))
    (fp_line (start 2.54 -3.69) (end 2.54 -1.15) (layer F.SilkS) (width 0.12))
    (fp_line (start 0 -3.69) (end 0 -1.15) (layer F.SilkS) (width 0.12))
    (fp_line (start 7.66 -19.58) (end 7.66 -3.69) (layer F.SilkS) (width 0.12))
    (fp_line (start -2.58 -19.58) (end -2.58 -3.69) (layer F.SilkS) (width 0.12))
    (fp_line (start -2.58 -19.58) (end 7.66 -19.58) (layer F.SilkS) (width 0.12))
    (fp_line (start -2.58 -3.69) (end 7.66 -3.69) (layer F.SilkS) (width 0.12))
    (fp_line (start 5.08 -3.81) (end 5.08 0) (layer F.Fab) (width 0.1))
    (fp_line (start 2.54 -3.81) (end 2.54 0) (layer F.Fab) (width 0.1))
    (fp_line (start 0 -3.81) (end 0 0) (layer F.Fab) (width 0.1))
    (fp_line (start 7.54 -3.81) (end -2.46 -3.81) (layer F.Fab) (width 0.1))
    (fp_line (start 7.54 -13.06) (end 7.54 -3.81) (layer F.Fab) (width 0.1))
    (fp_line (start -2.46 -13.06) (end 7.54 -13.06) (layer F.Fab) (width 0.1))
    (fp_line (start -2.46 -3.81) (end -2.46 -13.06) (layer F.Fab) (width 0.1))
    (fp_line (start 7.54 -13.06) (end -2.46 -13.06) (layer F.Fab) (width 0.1))
    (fp_line (start 7.54 -19.46) (end 7.54 -13.06) (layer F.Fab) (width 0.1))
    (fp_line (start -2.46 -19.46) (end 7.54 -19.46) (layer F.Fab) (width 0.1))
    (fp_line (start -2.46 -13.06) (end -2.46 -19.46) (layer F.Fab) (width 0.1))
    (fp_circle (center 2.54 -16.66) (end 4.39 -16.66) (layer F.Fab) (width 0.1))
    (pad 3 thru_hole oval (at 5.08 0 180) (size 1.905 2) (drill 1.1) (layers *.Cu *.Mask)
      (net 27 VCC2))
    (pad 2 thru_hole oval (at 2.54 0 180) (size 1.905 2) (drill 1.1) (layers *.Cu *.Mask)
      (net 15 +3V3))
    (pad 1 thru_hole rect (at 0 0 180) (size 1.905 2) (drill 1.1) (layers *.Cu *.Mask)
      (net 1 GND))
    (pad "" np_thru_hole oval (at 2.54 -16.66 180) (size 3.5 3.5) (drill 3.5) (layers *.Cu *.Mask))
    (model ${KISYS3DMOD}/Package_TO_SOT_THT.3dshapes/TO-220-3_Horizontal_TabDown.wrl
      (at (xyz 0 0 0))
      (scale (xyz 1 1 1))
      (rotate (xyz 0 0 0))
    )
  )

  (module Connector_PinHeader_2.54mm:PinHeader_1x02_P2.54mm_Vertical (layer Top) (tedit 5DB0F8B7) (tstamp 5DB10926)
    (at 161.35 136.8 90)
    (descr "Through hole straight pin header, 1x02, 2.54mm pitch, single row")
    (tags "Through hole pin header THT 1x02 2.54mm single row")
    (fp_text reference H2 (at 0 -2.075 90) (layer F.SilkS)
      (effects (font (size 1 1) (thickness 0.15)))
    )
    (fp_text value Therm (at -2.0574 1.30556) (layer F.Fab)
      (effects (font (size 1 1) (thickness 0.15)))
    )
    (fp_text user %R (at 0 1.27 270) (layer F.Fab)
      (effects (font (size 1 1) (thickness 0.15)))
    )
    (fp_line (start 1.8 -1.8) (end -1.8 -1.8) (layer F.CrtYd) (width 0.05))
    (fp_line (start 1.8 4.35) (end 1.8 -1.8) (layer F.CrtYd) (width 0.05))
    (fp_line (start -1.8 4.35) (end 1.8 4.35) (layer F.CrtYd) (width 0.05))
    (fp_line (start -1.8 -1.8) (end -1.8 4.35) (layer F.CrtYd) (width 0.05))
    (fp_line (start -1.33 -1.33) (end 0 -1.33) (layer F.SilkS) (width 0.12))
    (fp_line (start -1.33 0) (end -1.33 -1.33) (layer F.SilkS) (width 0.12))
    (fp_line (start -1.33 1.27) (end 1.33 1.27) (layer F.SilkS) (width 0.12))
    (fp_line (start 1.33 1.27) (end 1.33 3.87) (layer F.SilkS) (width 0.12))
    (fp_line (start -1.33 1.27) (end -1.33 3.87) (layer F.SilkS) (width 0.12))
    (fp_line (start -1.33 3.87) (end 1.33 3.87) (layer F.SilkS) (width 0.12))
    (fp_line (start -1.27 -0.635) (end -0.635 -1.27) (layer F.Fab) (width 0.1))
    (fp_line (start -1.27 3.81) (end -1.27 -0.635) (layer F.Fab) (width 0.1))
    (fp_line (start 1.27 3.81) (end -1.27 3.81) (layer F.Fab) (width 0.1))
    (fp_line (start 1.27 -1.27) (end 1.27 3.81) (layer F.Fab) (width 0.1))
    (fp_line (start -0.635 -1.27) (end 1.27 -1.27) (layer F.Fab) (width 0.1))
    (pad 2 thru_hole oval (at 0 2.54 90) (size 1.7 1.7) (drill 1) (layers *.Cu *.Mask)
      (net 25 THERM0))
    (pad 1 thru_hole rect (at 0 0 90) (size 1.7 1.7) (drill 1) (layers *.Cu *.Mask)
      (net 26 THERM1))
    (model ${KISYS3DMOD}/Connector_PinHeader_2.54mm.3dshapes/PinHeader_1x02_P2.54mm_Vertical.wrl
      (at (xyz 0 0 0))
      (scale (xyz 1 1 1))
      (rotate (xyz 0 0 0))
    )
  )

  (module Connector_PinHeader_2.54mm:PinHeader_1x03_P2.54mm_Vertical (layer Top) (tedit 5DAE57BB) (tstamp 5DAE4624)
    (at 163.35 102.95 180)
    (descr "Through hole straight pin header, 1x03, 2.54mm pitch, single row")
    (tags "Through hole pin header THT 1x03 2.54mm single row")
    (fp_text reference H1 (at -2.4 -0.825 180) (layer F.SilkS)
      (effects (font (size 1 1) (thickness 0.15)))
    )
    (fp_text value Power (at 3.429 5.6388) (layer F.Fab)
      (effects (font (size 1 1) (thickness 0.15)))
    )
    (fp_line (start -0.635 -1.27) (end 1.27 -1.27) (layer F.Fab) (width 0.1))
    (fp_line (start 1.27 -1.27) (end 1.27 6.35) (layer F.Fab) (width 0.1))
    (fp_line (start 1.27 6.35) (end -1.27 6.35) (layer F.Fab) (width 0.1))
    (fp_line (start -1.27 6.35) (end -1.27 -0.635) (layer F.Fab) (width 0.1))
    (fp_line (start -1.27 -0.635) (end -0.635 -1.27) (layer F.Fab) (width 0.1))
    (fp_line (start -1.33 6.41) (end 1.33 6.41) (layer F.SilkS) (width 0.12))
    (fp_line (start -1.33 1.27) (end -1.33 6.41) (layer F.SilkS) (width 0.12))
    (fp_line (start 1.33 1.27) (end 1.33 6.41) (layer F.SilkS) (width 0.12))
    (fp_line (start -1.33 1.27) (end 1.33 1.27) (layer F.SilkS) (width 0.12))
    (fp_line (start -1.33 0) (end -1.33 -1.33) (layer F.SilkS) (width 0.12))
    (fp_line (start -1.33 -1.33) (end 0 -1.33) (layer F.SilkS) (width 0.12))
    (fp_line (start -1.8 -1.8) (end -1.8 6.85) (layer F.CrtYd) (width 0.05))
    (fp_line (start -1.8 6.85) (end 1.8 6.85) (layer F.CrtYd) (width 0.05))
    (fp_line (start 1.8 6.85) (end 1.8 -1.8) (layer F.CrtYd) (width 0.05))
    (fp_line (start 1.8 -1.8) (end -1.8 -1.8) (layer F.CrtYd) (width 0.05))
    (fp_text user %R (at 0 2.54 90) (layer F.Fab)
      (effects (font (size 1 1) (thickness 0.15)))
    )
    (pad 1 thru_hole rect (at 0 0 180) (size 1.7 1.7) (drill 1) (layers *.Cu *.Mask)
      (net 27 VCC2))
    (pad 2 thru_hole oval (at 0 2.54 180) (size 1.7 1.7) (drill 1) (layers *.Cu *.Mask)
      (net 1 GND))
    (pad 3 thru_hole oval (at 0 5.08 180) (size 1.7 1.7) (drill 1) (layers *.Cu *.Mask)
      (net 15 +3V3))
    (model ${KISYS3DMOD}/Connector_PinHeader_2.54mm.3dshapes/PinHeader_1x03_P2.54mm_Vertical.wrl
      (at (xyz 0 0 0))
      (scale (xyz 1 1 1))
      (rotate (xyz 0 0 0))
    )
  )

  (module Bot_68040_mk2a:M0805 (layer Top) (tedit 5D9A2614) (tstamp 5DAE4CBB)
    (at 131.01 120.11 90)
    (descr "<b>RESISTOR</b><p>\nMELF 0.10 W")
    (fp_text reference R5 (at 2.1336 1.0668 180) (layer F.SilkS)
      (effects (font (size 1 1) (thickness 0.15)) (justify right bottom))
    )
    (fp_text value 4k7 (at -1.27 2.54 270) (layer F.Fab) hide
      (effects (font (size 1.2065 1.2065) (thickness 0.1016)) (justify left top))
    )
    (fp_poly (pts (xy -0.1999 0.5999) (xy 0.1999 0.5999) (xy 0.1999 -0.5999) (xy -0.1999 -0.5999)) (layer F.Adhes) (width 0))
    (fp_poly (pts (xy 0.6858 0.7112) (xy 1.0414 0.7112) (xy 1.0414 -0.7112) (xy 0.6858 -0.7112)) (layer F.Fab) (width 0))
    (fp_poly (pts (xy -1.0414 0.7112) (xy -0.6858 0.7112) (xy -0.6858 -0.7112) (xy -1.0414 -0.7112)) (layer F.Fab) (width 0))
    (fp_line (start 0.7112 0.635) (end -0.7112 0.635) (layer F.Fab) (width 0.1524))
    (fp_line (start 0.7112 -0.635) (end -0.7112 -0.635) (layer F.Fab) (width 0.1524))
    (fp_line (start 1.973 -0.983) (end 1.973 0.983) (layer Dwgs.User) (width 0.0508))
    (fp_line (start -1.973 0.983) (end -1.973 -0.983) (layer Dwgs.User) (width 0.0508))
    (fp_line (start 1.973 0.983) (end -1.973 0.983) (layer Dwgs.User) (width 0.0508))
    (fp_line (start -1.973 -0.983) (end 1.973 -0.983) (layer Dwgs.User) (width 0.0508))
    (pad 2 smd rect (at 0.95 0 90) (size 1.3 1.6) (layers Top F.Paste F.Mask)
      (net 15 +3V3) (solder_mask_margin 0.0762))
    (pad 1 smd rect (at -0.95 0 90) (size 1.3 1.6) (layers Top F.Paste F.Mask)
      (net 20 IPL1) (solder_mask_margin 0.0762))
  )

  (module Bot_68040_mk2a:M0805 (layer Top) (tedit 5D9A260E) (tstamp 5DAE4C91)
    (at 128.01 120.11 90)
    (descr "<b>RESISTOR</b><p>\nMELF 0.10 W")
    (fp_text reference R4 (at 2.1336 1.0668 180) (layer F.SilkS)
      (effects (font (size 1 1) (thickness 0.15)) (justify right bottom))
    )
    (fp_text value 4k7 (at -1.27 2.54 270) (layer F.Fab) hide
      (effects (font (size 1.2065 1.2065) (thickness 0.1016)) (justify left top))
    )
    (fp_line (start -1.973 -0.983) (end 1.973 -0.983) (layer Dwgs.User) (width 0.0508))
    (fp_line (start 1.973 0.983) (end -1.973 0.983) (layer Dwgs.User) (width 0.0508))
    (fp_line (start -1.973 0.983) (end -1.973 -0.983) (layer Dwgs.User) (width 0.0508))
    (fp_line (start 1.973 -0.983) (end 1.973 0.983) (layer Dwgs.User) (width 0.0508))
    (fp_line (start 0.7112 -0.635) (end -0.7112 -0.635) (layer F.Fab) (width 0.1524))
    (fp_line (start 0.7112 0.635) (end -0.7112 0.635) (layer F.Fab) (width 0.1524))
    (fp_poly (pts (xy -1.0414 0.7112) (xy -0.6858 0.7112) (xy -0.6858 -0.7112) (xy -1.0414 -0.7112)) (layer F.Fab) (width 0))
    (fp_poly (pts (xy 0.6858 0.7112) (xy 1.0414 0.7112) (xy 1.0414 -0.7112) (xy 0.6858 -0.7112)) (layer F.Fab) (width 0))
    (fp_poly (pts (xy -0.1999 0.5999) (xy 0.1999 0.5999) (xy 0.1999 -0.5999) (xy -0.1999 -0.5999)) (layer F.Adhes) (width 0))
    (pad 1 smd rect (at -0.95 0 90) (size 1.3 1.6) (layers Top F.Paste F.Mask)
      (net 19 IPL2) (solder_mask_margin 0.0762))
    (pad 2 smd rect (at 0.95 0 90) (size 1.3 1.6) (layers Top F.Paste F.Mask)
      (net 15 +3V3) (solder_mask_margin 0.0762))
  )

  (module Bot_68040_mk2a:M0805 (layer Top) (tedit 5D9A2618) (tstamp 5DAE4CE5)
    (at 134.01 120.11 90)
    (descr "<b>RESISTOR</b><p>\nMELF 0.10 W")
    (fp_text reference R6 (at 2.1336 1.0668 180) (layer F.SilkS)
      (effects (font (size 1 1) (thickness 0.15)) (justify right bottom))
    )
    (fp_text value 4k7 (at -1.27 2.54 270) (layer F.Fab) hide
      (effects (font (size 1.2065 1.2065) (thickness 0.1016)) (justify left top))
    )
    (fp_line (start -1.973 -0.983) (end 1.973 -0.983) (layer Dwgs.User) (width 0.0508))
    (fp_line (start 1.973 0.983) (end -1.973 0.983) (layer Dwgs.User) (width 0.0508))
    (fp_line (start -1.973 0.983) (end -1.973 -0.983) (layer Dwgs.User) (width 0.0508))
    (fp_line (start 1.973 -0.983) (end 1.973 0.983) (layer Dwgs.User) (width 0.0508))
    (fp_line (start 0.7112 -0.635) (end -0.7112 -0.635) (layer F.Fab) (width 0.1524))
    (fp_line (start 0.7112 0.635) (end -0.7112 0.635) (layer F.Fab) (width 0.1524))
    (fp_poly (pts (xy -1.0414 0.7112) (xy -0.6858 0.7112) (xy -0.6858 -0.7112) (xy -1.0414 -0.7112)) (layer F.Fab) (width 0))
    (fp_poly (pts (xy 0.6858 0.7112) (xy 1.0414 0.7112) (xy 1.0414 -0.7112) (xy 0.6858 -0.7112)) (layer F.Fab) (width 0))
    (fp_poly (pts (xy -0.1999 0.5999) (xy 0.1999 0.5999) (xy 0.1999 -0.5999) (xy -0.1999 -0.5999)) (layer F.Adhes) (width 0))
    (pad 1 smd rect (at -0.95 0 90) (size 1.3 1.6) (layers Top F.Paste F.Mask)
      (net 16 TRA) (solder_mask_margin 0.0762))
    (pad 2 smd rect (at 0.95 0 90) (size 1.3 1.6) (layers Top F.Paste F.Mask)
      (net 15 +3V3) (solder_mask_margin 0.0762))
  )

  (module Bot_68040_mk2a:M0805 (layer Top) (tedit 5D9A261C) (tstamp 5DAE4D0F)
    (at 137.01 120.11 90)
    (descr "<b>RESISTOR</b><p>\nMELF 0.10 W")
    (fp_text reference R7 (at 2.1336 1.0668 180) (layer F.SilkS)
      (effects (font (size 1 1) (thickness 0.15)) (justify right bottom))
    )
    (fp_text value 4k7 (at -1.27 2.54 270) (layer F.Fab) hide
      (effects (font (size 1.2065 1.2065) (thickness 0.1016)) (justify left top))
    )
    (fp_poly (pts (xy -0.1999 0.5999) (xy 0.1999 0.5999) (xy 0.1999 -0.5999) (xy -0.1999 -0.5999)) (layer F.Adhes) (width 0))
    (fp_poly (pts (xy 0.6858 0.7112) (xy 1.0414 0.7112) (xy 1.0414 -0.7112) (xy 0.6858 -0.7112)) (layer F.Fab) (width 0))
    (fp_poly (pts (xy -1.0414 0.7112) (xy -0.6858 0.7112) (xy -0.6858 -0.7112) (xy -1.0414 -0.7112)) (layer F.Fab) (width 0))
    (fp_line (start 0.7112 0.635) (end -0.7112 0.635) (layer F.Fab) (width 0.1524))
    (fp_line (start 0.7112 -0.635) (end -0.7112 -0.635) (layer F.Fab) (width 0.1524))
    (fp_line (start 1.973 -0.983) (end 1.973 0.983) (layer Dwgs.User) (width 0.0508))
    (fp_line (start -1.973 0.983) (end -1.973 -0.983) (layer Dwgs.User) (width 0.0508))
    (fp_line (start 1.973 0.983) (end -1.973 0.983) (layer Dwgs.User) (width 0.0508))
    (fp_line (start -1.973 -0.983) (end 1.973 -0.983) (layer Dwgs.User) (width 0.0508))
    (pad 2 smd rect (at 0.95 0 90) (size 1.3 1.6) (layers Top F.Paste F.Mask)
      (net 15 +3V3) (solder_mask_margin 0.0762))
    (pad 1 smd rect (at -0.95 0 90) (size 1.3 1.6) (layers Top F.Paste F.Mask)
      (net 21 IPL0) (solder_mask_margin 0.0762))
  )

  (module Bot_68040_mk2a:M0805 (layer Top) (tedit 5D9A2626) (tstamp 5DAE4E95)
    (at 143.01 120.11 90)
    (descr "<b>RESISTOR</b><p>\nMELF 0.10 W")
    (fp_text reference R9 (at 2.1336 1.0668 180) (layer F.SilkS)
      (effects (font (size 1 1) (thickness 0.15)) (justify right bottom))
    )
    (fp_text value 4k7 (at -1.27 2.54 270) (layer F.Fab) hide
      (effects (font (size 1.2065 1.2065) (thickness 0.1016)) (justify left top))
    )
    (fp_poly (pts (xy -0.1999 0.5999) (xy 0.1999 0.5999) (xy 0.1999 -0.5999) (xy -0.1999 -0.5999)) (layer F.Adhes) (width 0))
    (fp_poly (pts (xy 0.6858 0.7112) (xy 1.0414 0.7112) (xy 1.0414 -0.7112) (xy 0.6858 -0.7112)) (layer F.Fab) (width 0))
    (fp_poly (pts (xy -1.0414 0.7112) (xy -0.6858 0.7112) (xy -0.6858 -0.7112) (xy -1.0414 -0.7112)) (layer F.Fab) (width 0))
    (fp_line (start 0.7112 0.635) (end -0.7112 0.635) (layer F.Fab) (width 0.1524))
    (fp_line (start 0.7112 -0.635) (end -0.7112 -0.635) (layer F.Fab) (width 0.1524))
    (fp_line (start 1.973 -0.983) (end 1.973 0.983) (layer Dwgs.User) (width 0.0508))
    (fp_line (start -1.973 0.983) (end -1.973 -0.983) (layer Dwgs.User) (width 0.0508))
    (fp_line (start 1.973 0.983) (end -1.973 0.983) (layer Dwgs.User) (width 0.0508))
    (fp_line (start -1.973 -0.983) (end 1.973 -0.983) (layer Dwgs.User) (width 0.0508))
    (pad 2 smd rect (at 0.95 0 90) (size 1.3 1.6) (layers Top F.Paste F.Mask)
      (net 15 +3V3) (solder_mask_margin 0.0762))
    (pad 1 smd rect (at -0.95 0 90) (size 1.3 1.6) (layers Top F.Paste F.Mask)
      (net 17 SNOOP) (solder_mask_margin 0.0762))
  )

  (module Bot_68040_mk2a:M0805 (layer Top) (tedit 5D9A2685) (tstamp 5DAE4EBF)
    (at 146.0104 114.0712 90)
    (descr "<b>RESISTOR</b><p>\nMELF 0.10 W")
    (fp_text reference R10 (at 2.15392 0.84836 180) (layer F.SilkS)
      (effects (font (size 1 1) (thickness 0.15)) (justify right bottom))
    )
    (fp_text value 4k7 (at -1.27 2.54 270) (layer F.Fab) hide
      (effects (font (size 1.2065 1.2065) (thickness 0.1016)) (justify left top))
    )
    (fp_poly (pts (xy -0.1999 0.5999) (xy 0.1999 0.5999) (xy 0.1999 -0.5999) (xy -0.1999 -0.5999)) (layer F.Adhes) (width 0))
    (fp_poly (pts (xy 0.6858 0.7112) (xy 1.0414 0.7112) (xy 1.0414 -0.7112) (xy 0.6858 -0.7112)) (layer F.Fab) (width 0))
    (fp_poly (pts (xy -1.0414 0.7112) (xy -0.6858 0.7112) (xy -0.6858 -0.7112) (xy -1.0414 -0.7112)) (layer F.Fab) (width 0))
    (fp_line (start 0.7112 0.635) (end -0.7112 0.635) (layer F.Fab) (width 0.1524))
    (fp_line (start 0.7112 -0.635) (end -0.7112 -0.635) (layer F.Fab) (width 0.1524))
    (fp_line (start 1.973 -0.983) (end 1.973 0.983) (layer Dwgs.User) (width 0.0508))
    (fp_line (start -1.973 0.983) (end -1.973 -0.983) (layer Dwgs.User) (width 0.0508))
    (fp_line (start 1.973 0.983) (end -1.973 0.983) (layer Dwgs.User) (width 0.0508))
    (fp_line (start -1.973 -0.983) (end 1.973 -0.983) (layer Dwgs.User) (width 0.0508))
    (pad 2 smd rect (at 0.95 0 90) (size 1.3 1.6) (layers Top F.Paste F.Mask)
      (net 15 +3V3) (solder_mask_margin 0.0762))
    (pad 1 smd rect (at -0.95 0 90) (size 1.3 1.6) (layers Top F.Paste F.Mask)
      (net 23 CLA) (solder_mask_margin 0.0762))
  )

  (module Bot_68040_mk2a:M0805 (layer Top) (tedit 5D9A2621) (tstamp 5DAE4C67)
    (at 140.01 120.11 90)
    (descr "<b>RESISTOR</b><p>\nMELF 0.10 W")
    (fp_text reference R8 (at 2.1336 1.0668 180) (layer F.SilkS)
      (effects (font (size 1 1) (thickness 0.15)) (justify right bottom))
    )
    (fp_text value 4k7 (at -1.27 2.54 270) (layer F.Fab) hide
      (effects (font (size 1.2065 1.2065) (thickness 0.1016)) (justify left top))
    )
    (fp_line (start -1.973 -0.983) (end 1.973 -0.983) (layer Dwgs.User) (width 0.0508))
    (fp_line (start 1.973 0.983) (end -1.973 0.983) (layer Dwgs.User) (width 0.0508))
    (fp_line (start -1.973 0.983) (end -1.973 -0.983) (layer Dwgs.User) (width 0.0508))
    (fp_line (start 1.973 -0.983) (end 1.973 0.983) (layer Dwgs.User) (width 0.0508))
    (fp_line (start 0.7112 -0.635) (end -0.7112 -0.635) (layer F.Fab) (width 0.1524))
    (fp_line (start 0.7112 0.635) (end -0.7112 0.635) (layer F.Fab) (width 0.1524))
    (fp_poly (pts (xy -1.0414 0.7112) (xy -0.6858 0.7112) (xy -0.6858 -0.7112) (xy -1.0414 -0.7112)) (layer F.Fab) (width 0))
    (fp_poly (pts (xy 0.6858 0.7112) (xy 1.0414 0.7112) (xy 1.0414 -0.7112) (xy 0.6858 -0.7112)) (layer F.Fab) (width 0))
    (fp_poly (pts (xy -0.1999 0.5999) (xy 0.1999 0.5999) (xy 0.1999 -0.5999) (xy -0.1999 -0.5999)) (layer F.Adhes) (width 0))
    (pad 1 smd rect (at -0.95 0 90) (size 1.3 1.6) (layers Top F.Paste F.Mask)
      (net 18 BTT) (solder_mask_margin 0.0762))
    (pad 2 smd rect (at 0.95 0 90) (size 1.3 1.6) (layers Top F.Paste F.Mask)
      (net 15 +3V3) (solder_mask_margin 0.0762))
  )

  (module Top_68060_mk2a:PGA206_BIG (layer Top) (tedit 0) (tstamp 5DAE47C2)
    (at 135.1392 115.646)
    (fp_text reference IC3 (at -22.225 -24.13 180) (layer F.SilkS) hide
      (effects (font (size 1.6891 1.6891) (thickness 0.1778)) (justify left top))
    )
    (fp_text value MC68060RCPGA_BIG (at -10.795 0.635 180) (layer F.Fab) hide
      (effects (font (size 1.6891 1.6891) (thickness 0.1778)) (justify left top))
    )
    (fp_circle (center -21.59 -21.59) (end -20.32 -21.59) (layer F.SilkS) (width 0.127))
    (fp_circle (center -13.97 11.43) (end -12.7 11.43) (layer B.SilkS) (width 0.127))
    (fp_circle (center 13.97 11.43) (end 15.24 11.43) (layer B.SilkS) (width 0.127))
    (fp_circle (center 13.97 8.89) (end 15.24 8.89) (layer B.SilkS) (width 0.127))
    (fp_circle (center 13.97 6.35) (end 15.24 6.35) (layer B.SilkS) (width 0.127))
    (fp_circle (center 13.97 3.81) (end 15.24 3.81) (layer B.SilkS) (width 0.127))
    (fp_circle (center 13.97 1.27) (end 15.24 1.27) (layer B.SilkS) (width 0.127))
    (fp_circle (center 13.97 -1.27) (end 15.24 -1.27) (layer B.SilkS) (width 0.127))
    (fp_circle (center 13.97 -3.81) (end 15.24 -3.81) (layer B.SilkS) (width 0.127))
    (fp_circle (center 13.97 -6.35) (end 15.24 -6.35) (layer B.SilkS) (width 0.127))
    (fp_circle (center 13.97 -8.89) (end 15.24 -8.89) (layer B.SilkS) (width 0.127))
    (fp_circle (center 13.97 -11.43) (end 15.24 -11.43) (layer B.SilkS) (width 0.127))
    (fp_circle (center 13.97 13.97) (end 15.24 13.97) (layer B.SilkS) (width 0.127))
    (fp_circle (center 11.43 13.97) (end 12.7 13.97) (layer B.SilkS) (width 0.127))
    (fp_circle (center 8.89 13.97) (end 10.16 13.97) (layer B.SilkS) (width 0.127))
    (fp_circle (center 6.35 13.97) (end 7.62 13.97) (layer B.SilkS) (width 0.127))
    (fp_circle (center 3.81 13.97) (end 5.08 13.97) (layer B.SilkS) (width 0.127))
    (fp_circle (center 1.27 13.97) (end 2.54 13.97) (layer B.SilkS) (width 0.127))
    (fp_circle (center -1.27 13.97) (end 0 13.97) (layer B.SilkS) (width 0.127))
    (fp_circle (center -3.81 13.97) (end -2.54 13.97) (layer B.SilkS) (width 0.127))
    (fp_circle (center -6.35 13.97) (end -5.08 13.97) (layer B.SilkS) (width 0.127))
    (fp_circle (center -8.89 13.97) (end -7.62 13.97) (layer B.SilkS) (width 0.127))
    (fp_circle (center -11.43 13.97) (end -10.16 13.97) (layer B.SilkS) (width 0.127))
    (fp_circle (center -13.97 13.97) (end -12.7 13.97) (layer B.SilkS) (width 0.127))
    (fp_circle (center -13.97 3.81) (end -12.7 3.81) (layer B.SilkS) (width 0.127))
    (fp_circle (center -13.97 -1.27) (end -12.7 -1.27) (layer B.SilkS) (width 0.127))
    (fp_circle (center -13.97 -3.81) (end -12.7 -3.81) (layer B.SilkS) (width 0.127))
    (fp_circle (center -13.97 -6.35) (end -12.7 -6.35) (layer B.SilkS) (width 0.127))
    (fp_circle (center -13.97 -8.89) (end -12.7 -8.89) (layer B.SilkS) (width 0.127))
    (fp_circle (center -13.97 -11.43) (end -12.7 -11.43) (layer B.SilkS) (width 0.127))
    (fp_circle (center 13.97 -13.97) (end 15.24 -13.97) (layer B.SilkS) (width 0.127))
    (fp_circle (center 6.35 -13.97) (end 7.62 -13.97) (layer B.SilkS) (width 0.127))
    (fp_circle (center 1.27 -13.97) (end 2.54 -13.97) (layer B.SilkS) (width 0.127))
    (fp_circle (center -3.81 -13.97) (end -2.54 -13.97) (layer B.SilkS) (width 0.127))
    (fp_circle (center 19.05 -6.35) (end 20.32 -6.35) (layer B.SilkS) (width 0.127))
    (fp_circle (center 19.05 6.35) (end 20.32 6.35) (layer B.SilkS) (width 0.127))
    (fp_circle (center 19.05 16.51) (end 20.32 16.51) (layer B.SilkS) (width 0.127))
    (fp_circle (center 16.51 19.05) (end 17.78 19.05) (layer B.SilkS) (width 0.127))
    (fp_circle (center 16.51 3.81) (end 17.78 3.81) (layer B.SilkS) (width 0.127))
    (fp_circle (center 16.51 -1.27) (end 17.78 -1.27) (layer B.SilkS) (width 0.127))
    (fp_circle (center 16.51 -3.81) (end 17.78 -3.81) (layer B.SilkS) (width 0.127))
    (fp_circle (center 19.05 -16.51) (end 20.32 -16.51) (layer B.SilkS) (width 0.127))
    (fp_circle (center 11.43 -16.51) (end 12.7 -16.51) (layer B.SilkS) (width 0.127))
    (fp_circle (center 11.43 -19.05) (end 12.7 -19.05) (layer B.SilkS) (width 0.127))
    (fp_circle (center -19.05 16.51) (end -17.78 16.51) (layer B.SilkS) (width 0.127))
    (fp_circle (center -11.43 16.51) (end -10.16 16.51) (layer B.SilkS) (width 0.127))
    (fp_circle (center -3.81 16.51) (end -2.54 16.51) (layer B.SilkS) (width 0.127))
    (fp_circle (center -3.81 19.05) (end -2.54 19.05) (layer B.SilkS) (width 0.127))
    (fp_circle (center 6.35 16.51) (end 7.62 16.51) (layer B.SilkS) (width 0.127))
    (fp_circle (center -16.51 -3.81) (end -15.24 -3.81) (layer B.SilkS) (width 0.127))
    (fp_circle (center -16.51 -1.27) (end -15.24 -1.27) (layer B.SilkS) (width 0.127))
    (fp_circle (center -16.51 6.35) (end -15.24 6.35) (layer B.SilkS) (width 0.127))
    (fp_circle (center -19.05 -16.51) (end -17.78 -16.51) (layer B.SilkS) (width 0.127))
    (fp_circle (center -11.43 -16.51) (end -10.16 -16.51) (layer B.SilkS) (width 0.127))
    (fp_circle (center -3.81 -16.51) (end -2.54 -16.51) (layer B.SilkS) (width 0.127))
    (fp_circle (center 1.27 -16.51) (end 2.54 -16.51) (layer B.SilkS) (width 0.127))
    (fp_circle (center 6.35 -16.51) (end 7.62 -16.51) (layer B.SilkS) (width 0.127))
    (fp_circle (center -8.89 21.59) (end -7.62 21.59) (layer B.SilkS) (width 0.127))
    (fp_circle (center -6.35 21.59) (end -5.08 21.59) (layer B.SilkS) (width 0.127))
    (fp_circle (center -3.81 21.59) (end -2.54 21.59) (layer B.SilkS) (width 0.127))
    (fp_circle (center -19.05 -6.35) (end -17.78 -6.35) (layer B.SilkS) (width 0.127))
    (fp_circle (center -19.05 6.35) (end -17.78 6.35) (layer B.SilkS) (width 0.127))
    (fp_circle (center -1.27 -19.05) (end 0 -19.05) (layer B.SilkS) (width 0.127))
    (fp_circle (center -11.43 -19.05) (end -10.16 -19.05) (layer B.SilkS) (width 0.127))
    (fp_line (start -12.7 -11.43) (end -12.7 12.7) (layer F.SilkS) (width 0.127))
    (fp_line (start -11.43 -12.7) (end -12.7 -11.43) (layer F.SilkS) (width 0.127))
    (fp_line (start -11.43 -12.7) (end 12.7 -12.7) (layer F.SilkS) (width 0.127))
    (fp_line (start 12.7 12.7) (end 12.7 -12.7) (layer F.SilkS) (width 0.127))
    (fp_line (start 12.7 12.7) (end -12.7 12.7) (layer F.SilkS) (width 0.127))
    (fp_line (start -23.495 -22.225) (end -22.225 -23.495) (layer F.SilkS) (width 0.127))
    (fp_line (start -23.495 23.495) (end -23.495 -22.225) (layer F.SilkS) (width 0.127))
    (fp_line (start 23.495 23.495) (end -23.495 23.495) (layer F.SilkS) (width 0.127))
    (fp_line (start 23.495 -23.495) (end 23.495 23.495) (layer F.SilkS) (width 0.127))
    (fp_line (start -22.225 -23.495) (end 23.495 -23.495) (layer F.SilkS) (width 0.127))
    (pad P04 thru_hole circle (at -13.97 11.43) (size 1.7 1.7) (drill 1.4) (layers *.Cu *.Mask)
      (net 15 +3V3) (solder_mask_margin 0.0762))
    (pad P15 thru_hole circle (at 13.97 11.43) (size 1.7 1.7) (drill 1.4) (layers *.Cu *.Mask)
      (net 17 SNOOP) (solder_mask_margin 0.0762))
    (pad N15 thru_hole circle (at 13.97 8.89) (size 1.7 1.7) (drill 1.4) (layers *.Cu *.Mask)
      (net 15 +3V3) (solder_mask_margin 0.0762))
    (pad M15 thru_hole circle (at 13.97 6.35) (size 1.7 1.7) (drill 1.4) (layers *.Cu *.Mask)
      (net 26 THERM1) (solder_mask_margin 0.0762))
    (pad L15 thru_hole circle (at 13.97 3.81) (size 1.7 1.7) (drill 1.4) (layers *.Cu *.Mask)
      (net 25 THERM0) (solder_mask_margin 0.0762))
    (pad K15 thru_hole circle (at 13.97 1.27) (size 1.7 1.7) (drill 1.4) (layers *.Cu *.Mask)
      (net 23 CLA) (solder_mask_margin 0.0762))
    (pad J15 thru_hole circle (at 13.97 -1.27) (size 1.7 1.7) (drill 1.4) (layers *.Cu *.Mask)
      (net 15 +3V3) (solder_mask_margin 0.0762))
    (pad H15 thru_hole circle (at 13.97 -3.81) (size 1.7 1.7) (drill 1.4) (layers *.Cu *.Mask)
      (net 1 GND) (solder_mask_margin 0.0762))
    (pad G15 thru_hole circle (at 13.97 -6.35) (size 1.7 1.7) (drill 1.4) (layers *.Cu *.Mask)
      (net 15 +3V3) (solder_mask_margin 0.0762))
    (pad F15 thru_hole circle (at 13.97 -8.89) (size 1.7 1.7) (drill 1.4) (layers *.Cu *.Mask)
      (net 1 GND) (solder_mask_margin 0.0762))
    (pad E15 thru_hole circle (at 13.97 -11.43) (size 1.7 1.7) (drill 1.4) (layers *.Cu *.Mask)
      (net 15 +3V3) (solder_mask_margin 0.0762))
    (pad Q15 thru_hole circle (at 13.97 13.97) (size 1.7 1.7) (drill 1.4) (layers *.Cu *.Mask)
      (net 18 BTT) (solder_mask_margin 0.0762))
    (pad Q14 thru_hole circle (at 11.43 13.97) (size 1.7 1.7) (drill 1.4) (layers *.Cu *.Mask)
      (solder_mask_margin 0.0762))
    (pad Q13 thru_hole circle (at 8.89 13.97) (size 1.7 1.7) (drill 1.4) (layers *.Cu *.Mask)
      (solder_mask_margin 0.0762))
    (pad Q12 thru_hole circle (at 6.35 13.97) (size 1.7 1.7) (drill 1.4) (layers *.Cu *.Mask)
      (net 16 TRA) (solder_mask_margin 0.0762))
    (pad Q11 thru_hole circle (at 3.81 13.97) (size 1.7 1.7) (drill 1.4) (layers *.Cu *.Mask)
      (net 1 GND) (solder_mask_margin 0.0762))
    (pad Q10 thru_hole circle (at 1.27 13.97) (size 1.7 1.7) (drill 1.4) (layers *.Cu *.Mask)
      (net 15 +3V3) (solder_mask_margin 0.0762))
    (pad Q09 thru_hole circle (at -1.27 13.97) (size 1.7 1.7) (drill 1.4) (layers *.Cu *.Mask)
      (net 1 GND) (solder_mask_margin 0.0762))
    (pad Q08 thru_hole circle (at -3.81 13.97) (size 1.7 1.7) (drill 1.4) (layers *.Cu *.Mask)
      (net 22 CLKEN) (solder_mask_margin 0.0762))
    (pad Q07 thru_hole circle (at -6.35 13.97) (size 1.7 1.7) (drill 1.4) (layers *.Cu *.Mask)
      (solder_mask_margin 0.0762))
    (pad Q06 thru_hole circle (at -8.89 13.97) (size 1.7 1.7) (drill 1.4) (layers *.Cu *.Mask)
      (solder_mask_margin 0.0762))
    (pad Q05 thru_hole circle (at -11.43 13.97) (size 1.7 1.7) (drill 1.4) (layers *.Cu *.Mask)
      (solder_mask_margin 0.0762))
    (pad Q04 thru_hole circle (at -13.97 13.97) (size 1.7 1.7) (drill 1.4) (layers *.Cu *.Mask)
      (solder_mask_margin 0.0762))
    (pad L04 thru_hole circle (at -13.97 3.81) (size 1.7 1.7) (drill 1.4) (layers *.Cu *.Mask)
